9
150
2
0.000000
0.840188
0.000000
0.394383
0.000000
0.783099
0.000000
0.798440
0.000000
0.911647
0.000000
0.197551
0.000000
0.335223
0.000000
0.768230
0.000000
0.277775
0.000000
0.553970
0.000000
0.477397
0.000000
0.628871
0.000000
0.364784
0.000000
0.513401
0.000000
0.952230
0.000000
0.916195
0.000000
0.635712
0.000000
0.717297
0.000000
0.141603
0.000000
0.606969
0.000000
0.016301
0.000000
0.242887
0.000000
0.137232
0.000000
0.804177
0.000000
0.156679
0.000000
0.400944
0.000000
0.129790
0.000000
0.108809
0.000000
0.998925
0.000000
0.218257
0.000000
0.512932
0.000000
0.839112
0.000000
0.612640
0.000000
0.296032
0.000000
0.637552
0.000000
0.524287
0.000000
0.493583
0.000000
0.972775
0.000000
0.292517
0.000000
0.771358
0.000000
0.526745
0.000000
0.769914
0.000000
0.400229
0.000000
0.891529
0.000000
0.283315
0.000000
0.352458
0.000000
0.807725
0.000000
0.919026
0.000000
0.069755
0.000000
0.949327
0.000000
0.525995
0.000000
0.086056
0.000000
0.192214
0.000000
0.663227
0.000000
0.890233
0.000000
0.348893
0.000000
0.064171
0.000000
0.020023
0.000000
0.457702
0.000000
0.063096
0.000000
0.238280
0.000000
0.970634
0.000000
0.902208
0.000000
0.850920
0.000000
0.266666
0.000000
0.539760
0.000000
0.375207
0.000000
0.760249
0.000000
0.512535
0.000000
0.667724
0.000000
0.531606
0.000000
0.039280
0.000000
0.437638
0.000000
0.931835
0.000000
0.930810
0.000000
0.720952
0.000000
0.284293
0.000000
0.738534
0.000000
0.639979
0.000000
0.354049
0.000000
0.687861
0.000000
0.165974
0.000000
0.440105
0.000000
0.880075
0.000000
0.829201
0.000000
0.330337
0.000000
0.228968
0.000000
0.893372
0.000000
0.350360
0.000000
0.686670
0.000000
0.956468
0.000000
0.588640
0.000000
0.657304
0.000000
0.858676
0.000000
0.439560
0.000000
0.923970
0.000000
0.398437
0.000000
0.814767
0.000000
0.684219
0.000000
0.910972
0.000000
0.482491
0.000000
0.215825
0.000000
0.950252
0.000000
0.920128
0.000000
0.147660
0.000000
0.881062
0.000000
0.641081
0.000000
0.431953
0.000000
0.619596
0.000000
0.281059
0.000000
0.786002
0.000000
0.307458
0.000000
0.447034
0.000000
0.226107
0.000000
0.187533
0.000000
0.276235
0.000000
0.556444
0.000000
0.416501
0.000000
0.169607
0.000000
0.906804
0.000000
0.103171
0.000000
0.126075
0.000000
0.495444
0.000000
0.760475
0.000000
0.984752
0.000000
0.935004
0.000000
0.684445
0.000000
0.383188
0.000000
0.749771
0.000000
0.368664
0.000000
0.294160
0.000000
0.232262
0.000000
0.584489
0.000000
0.244413
0.000000
0.152390
0.000000
0.732149
0.000000
0.125475
0.000000
0.793470
0.000000
0.164102
0.000000
0.745071
0.000000
0.074530
0.000000
0.950104
0.000000
0.052529
0.000000
0.521563
0.000000
0.176211
0.000000
0.240062
0.000000
0.797798
0.000000
0.732654
0.000000
0.656564
0.000000
0.967405
0.000000
0.639458
0.000000
0.759735
0.000000
0.093480
0.000000
0.134902
0.000000
0.520210
0.000000
0.078232
0.000000
0.069906
0.000000
0.204655
0.000000
0.461420
0.000000
0.819677
0.000000
0.573319
0.000000
0.755581
0.000000
0.051939
0.000000
0.157807
0.000000
0.999994
0.000000
0.204329
0.000000
0.889956
0.000000
0.125468
0.000000
0.997799
0.000000
0.054058
0.000000
0.870540
0.000000
0.072329
0.000000
0.004162
0.000000
0.923069
0.000000
0.593892
0.000000
0.180372
0.000000
0.163131
0.000000
0.391690
0.000000
0.913027
0.000000
0.819695
0.000000
0.359095
0.000000
0.552485
0.000000
0.579430
0.000000
0.452576
0.000000
0.687387
0.000000
0.099640
0.000000
0.530808
0.000000
0.757294
0.000000
0.304295
0.000000
0.992228
0.000000
0.576971
0.000000
0.877614
0.000000
0.747809
0.000000
0.628910
0.000000
0.035421
0.000000
0.747803
0.000000
0.833239
0.000000
0.925377
0.000000
0.873271
0.000000
0.831038
0.000000
0.979434
0.000000
0.743811
0.000000
0.903366
0.000000
0.983596
0.000000
0.666880
0.000000
0.497259
0.000000
0.163968
0.000000
0.830012
0.000000
0.888949
0.000000
0.076995
0.000000
0.649707
0.000000
0.248044
0.000000
0.629480
0.000000
0.229137
0.000000
0.700620
0.000000
0.316867
0.000000
0.328777
0.000000
0.231428
0.000000
0.074161
0.000000
0.633072
0.000000
0.223656
0.000000
0.651132
0.000000
0.510686
0.000000
0.971466
0.000000
0.280042
0.000000
0.546107
0.000000
0.719269
0.000000
0.113281
0.000000
0.471483
0.000000
0.592540
0.000000
0.944318
0.000000
0.450918
0.000000
0.336351
0.000000
0.847684
0.000000
0.434513
0.000000
0.003231
0.000000
0.344943
0.000000
0.598481
0.000000
0.833243
0.000000
0.233892
0.000000
0.675476
0.000000
0.482950
0.000000
0.481936
0.000000
0.304956
0.000000
0.712087
0.000000
0.182556
0.000000
0.621823
0.000000
0.040864
0.000000
0.413984
0.000000
0.695984
0.000000
0.673936
0.000000
0.637640
0.000000
0.347116
0.000000
0.184622
0.000000
0.609106
0.000000
0.627158
0.000000
0.730729
0.000000
0.328374
0.000000
0.740438
0.000000
0.202213
0.000000
0.920914
0.000000
0.684757
0.000000
0.653130
0.000000
0.257265
0.000000
0.532441
0.000000
0.087644
0.000000
0.260497
0.000000
0.877384
0.000000
0.686125
0.000000
0.093740
0.000000
0.111276
0.000000
0.361601
0.000000
0.576691
0.000000
0.593211
0.000000
0.666557
0.000000
0.288778
0.000000
0.775767
0.000000
0.288379
0.000000
0.329642
0.000000
0.189751
0.000000
0.984363
0.000000
0.003579
0.000000
0.827391
0.000000
0.331479
0.000000
0.188201
0.000000
0.436497
0.000000
0.958637
0.000000
0.918930
0.000000
0.764871
0.000000
0.699075
0.000000
0.121143
0.000000
0.685786
0.000000
0.383832
0.000000
0.774273
0.000000
0.943051
0.000000
0.916273
0.000000
0.861917
0.000000
0.203548
0.000000
0.793657
0.000000
0.548042
0.000000
0.297288
0.000000
0.904932
0.000000
0.909643
0.000000
0.873979
0.000000
0.498144
0.000000
0.576200
0.000000
0.162757
0.000000
0.273911
0.000000
0.864579
0.000000
0.492399
0.000000
0.463662
0.000000
0.848942
0.000000
0.495977
0.000000
0.291053
0.000000
0.180421
0.000000
0.684178
0.000000
0.727550
0.000000
0.139058
0.000000
0.603109
0.000000
0.492422
0.000000
0.838134
0.000000
0.724252
0.000000
0.178208
0.000000
0.221966
0.000000
0.498525
0.000000
0.121259
0.000000
0.138238
0.000000
0.360443
0.000000
0.324807
0.000000
0.931895
0.000000
0.908485
0.000000
0.622095
0.000000
0.836828
0.000000
0.818128
0.000000
0.496074
0.000000
0.334972
0.000000
0.394327
0.000000
0.658831
0.000000
0.608883
0.000000
0.258906
0.000000
0.151230
0.000000
0.072545
0.000000
0.107848
0.000000
0.647207
0.000000
0.363598
0.000000
0.288270
0.000000
0.331386
0.000000
0.091149
0.000000
0.427328
0.000000
0.934495
0.000000
0.583570
0.000000
0.265461
0.000000
0.658747
0.000000
0.761778
0.000000
0.487427
0.000000
0.157272
0.000000
0.883037
0.000000
0.625665
0.000000
0.517715
0.000000
0.207844
0.000000
0.557561
0.000000
0.426199
0.000000
0.829939
0.000000
0.394388
0.000000
0.244327
0.000000
0.326013
0.000000
0.729360
0.000000
0.638654
0.000000
0.984845
0.000000
0.338243
0.000000
0.897560
0.000000
0.136075
0.000000
0.410788
0.000000
0.005409
0.000000
0.783282
0.000000
0.774386
0.000000
0.293678
0.000000
0.114668
0.000000
0.865535
0.000000
0.721006
0.000000
0.049162
0.000000
0.449105
0.000000
0.986467
0.000000
0.707909
0.000000
0.210883
0.000000
0.473894
0.000000
0.865181
0.000000
0.093920
0.000000
0.099559
0.000000
0.382896
0.000000
0.301763
0.000000
0.657120
0.000000
0.809095
0.000000
0.131702
0.000000
0.051508
0.000000
0.053422
0.000000
0.457716
0.000000
0.780868
0.000000
0.692076
0.000000
0.442560
0.000000
0.119111
0.000000
0.589637
0.000000
0.578635
0.000000
0.529899
0.000000
0.595045
0.000000
0.361917
0.000000
0.304285
0.000000
0.888723
0.000000
0.476585
0.000000
0.169820
0.000000
0.609729
0.000000
0.525747
0.000000
0.618925
0.000000
0.596196
0.000000
0.233656
0.000000
0.829808
0.000000
0.070090
0.000000
0.098837
0.000000
0.923728
0.000000
0.169650
0.000000
0.481733
0.000000
0.225491
0.000000
0.826769
0.000000
0.290829
0.000000
0.357193
0.000000
0.878278
0.000000
0.344251
0.000000
0.814909
0.000000
0.659146
0.000000
0.036327
0.000000
0.257469
0.000000
0.778257
0.000000
0.625964
0.000000
0.836104
0.000000
0.308157
0.000000
0.221009
0.000000
0.198021
0.000000
0.612442
0.000000
0.109733
0.000000
0.674605
0.000000
0.782262
0.000000
0.719462
0.000000
0.200352
0.000000
0.401188
0.000000
0.315658
0.000000
0.434009
0.000000
0.230996
0.000000
0.385748
0.000000
0.532846
0.000000
0.154724
0.000000
0.555398
0.000000
0.014579
0.000000
0.380215
0.000000
0.382167
0.000000
0.305408
0.000000
0.737408
0.000000
0.260445
0.000000
0.649659
0.000000
0.552316
0.000000
0.919591
0.000000
0.685986
0.000000
0.809785
0.000000
0.697848
0.000000
0.311950
0.000000
0.645889
0.000000
0.006005
0.000000
0.532960
0.000000
0.843910
0.000000
0.618447
0.000000
0.642693
0.000000
0.518515
0.000000
0.400709
0.000000
0.362154
0.000000
0.718867
0.000000
0.801897
0.000000
0.677812
0.000000
0.152876
0.000000
0.032893
0.000000
0.063561
0.000000
0.685722
0.000000
0.187616
0.000000
0.618958
0.000000
0.700301
0.000000
0.567831
0.000000
0.001125
0.000000
0.005709
0.000000
0.305239
0.000000
0.261570
0.000000
0.655368
0.000000
0.857555
0.000000
0.181161
0.000000
0.341354
0.000000
0.667341
0.000000
0.879009
0.000000
0.653305
0.000000
0.313230
0.000000
0.885014
0.000000
0.186265
0.000000
0.157139
0.000000
0.503461
0.000000
0.828957
0.000000
0.675654
0.000000
0.904170
0.000000
0.191112
0.000000
0.394521
0.000000
0.706067
0.000000
0.868924
0.000000
0.547397
0.000000
0.738959
0.000000
0.932485
0.000000
0.233119
0.000000
0.926576
0.000000
0.551443
0.000000
0.933420
0.000000
0.494407
0.000000
0.552568
0.000000
0.939129
0.000000
0.799646
0.000000
0.814139
0.000000
0.594497
0.000000
0.657201
0.000000
0.995300
0.000000
0.935852
0.000000
0.324541
0.000000
0.874309
0.000000
0.589157
0.000000
0.637771
0.000000
0.759324
0.000000
0.775421
0.000000
0.794910
0.000000
0.262785
0.000000
0.604379
0.000000
0.470564
0.000000
0.166955
0.000000
0.795490
0.000000
0.865086
0.000000
0.873021
0.000000
0.664414
0.000000
0.412483
0.000000
0.611981
0.000000
0.596899
0.000000
0.645601
0.000000
0.538557
0.000000
0.148342
0.000000
0.579022
0.000000
0.032963
0.000000
0.700910
0.000000
0.518151
0.000000
0.832609
0.000000
0.515049
0.000000
0.112648
0.000000
0.489810
0.000000
0.510349
0.000000
0.048500
0.000000
0.814351
0.000000
0.384658
0.000000
0.637656
0.000000
0.452122
0.000000
0.143982
0.000000
0.413078
0.000000
0.247033
0.000000
0.406767
0.000000
0.017457
0.000000
0.717597
0.000000
0.573721
0.000000
0.812947
0.000000
0.582682
0.000000
0.446743
0.000000
0.477361
0.000000
0.995165
0.000000
0.058723
0.000000
0.074260
0.000000
0.640766
0.000000
0.597280
0.000000
0.222602
0.000000
0.219788
0.000000
0.630243
0.000000
0.923513
0.000000
0.737939
0.000000
0.462852
0.000000
0.438562
0.000000
0.850586
0.000000
0.952662
0.000000
0.948911
0.000000
0.899086
0.000000
0.767014
0.000000
0.333569
0.000000
0.536742
0.000000
0.219136
0.000000
0.477551
0.000000
0.949820
0.000000
0.466169
0.000000
0.884318
0.000000
0.967277
0.000000
0.183765
0.000000
0.458039
0.000000
0.780224
0.000000
0.766448
0.000000
0.904782
0.000000
0.257585
0.000000
0.761612
0.000000
0.963505
0.000000
0.331846
0.000000
0.402379
0.000000
0.560785
0.000000
0.554448
0.000000
0.622167
0.000000
0.191028
0.000000
0.477961
0.000000
0.360105
0.000000
0.653880
0.000000
0.916523
0.000000
0.210692
0.000000
0.606542
0.000000
0.865434
0.000000
0.109778
0.000000
0.373556
0.000000
0.199003
0.000000
0.646520
0.000000
0.592692
0.000000
0.676554
0.000000
0.596341
0.000000
0.058860
0.000000
0.560872
0.000000
0.563617
0.000000
0.242626
0.000000
0.018911
0.000000
0.343841
0.000000
0.009073
0.000000
0.923692
0.000000
0.601427
0.000000
0.770686
0.000000
0.887197
0.000000
0.933273
0.000000
0.173065
0.000000
0.447982
0.000000
0.487721
0.000000
0.795231
0.000000
0.639009
0.000000
0.965682
0.000000
0.155336
0.000000
0.292889
0.000000
0.882204
0.000000
0.366028
0.000000
0.899431
0.000000
0.747638
0.000000
0.475806
0.000000
0.272987
0.000000
0.946640
0.000000
0.122326
0.000000
0.865679
0.000000
0.623194
0.000000
0.718666
0.000000
0.924540
0.000000
0.184066
0.000000
0.282284
0.000000
0.167165
0.000000
0.202977
0.000000
0.626125
0.000000
0.176239
0.000000
0.126669
0.000000
0.227552
0.000000
0.946925
0.000000
0.013866
0.000000
0.160824
0.000000
0.119989
0.000000
0.461848
0.000000
0.648545
0.000000
0.915221
0.000000
0.100857
0.000000
0.614227
0.000000
0.070557
0.000000
0.393746
0.000000
0.496431
0.000000
0.436585
0.000000
0.293177
0.000000
0.244069
0.000000
0.912391
0.000000
0.566164
0.000000
0.190709
0.000000
0.034716
0.000000
0.431844
0.000000
0.813904
0.000000
0.753383
0.000000
0.356383
0.000000
0.997970
0.000000
0.035666
0.000000
0.523548
0.000000
0.200947
0.000000
0.661792
0.000000
0.699787
0.000000
0.327616
0.000000
0.889343
0.000000
0.646712
0.000000
0.341482
0.000000
0.050168
0.000000
0.766701
0.000000
0.803330
0.000000
0.698713
0.000000
0.681922
0.000000
0.904187
0.000000
0.312940
0.000000
0.752479
0.000000
0.297933
0.000000
0.809371
0.000000
0.189064
0.000000
0.591111
0.000000
0.053439
0.000000
0.101454
0.000000
0.157275
0.000000
0.244149
0.000000
0.136171
0.000000
0.589119
0.000000
0.058052
0.000000
0.889553
0.000000
0.945502
0.000000
0.056022
0.000000
0.925220
0.000000
0.469050
0.000000
0.256969
0.000000
0.587011
0.000000
0.168837
0.000000
0.584585
0.000000
0.476355
0.000000
0.815549
0.000000
0.926068
0.000000
0.526523
0.000000
0.582250
0.000000
0.729398
0.000000
0.225236
0.000000
0.264172
0.000000
0.633585
0.000000
0.538175
0.000000
0.016651
0.000000
0.931518
0.000000
0.347546
0.000000
0.205714
0.000000
0.522629
0.000000
0.400985
0.000000
0.307168
0.000000
0.679904
0.000000
0.645134
0.000000
0.443339
0.000000
0.269022
0.000000
0.703186
0.000000
0.332892
0.000000
0.214524
0.000000
0.759208
0.000000
0.258112
0.000000
0.683574
0.000000
0.016177
0.000000
0.845123
0.000000
0.852411
0.000000
0.600763
0.000000
0.321478
0.000000
0.667960
0.000000
0.526830
0.000000
0.848000
0.000000
0.250210
0.000000
0.256228
0.000000
0.073236
0.000000
0.514382
0.000000
0.889813
0.000000
0.611411
0.000000
0.531033
0.000000
0.821331
0.000000
0.958957
0.000000
0.736747
0.000000
0.343959
0.000000
0.359942
0.000000
0.043915
0.000000
0.023863
0.000000
0.005076
0.000000
0.487254
0.000000
0.292886
0.000000
0.708262
0.000000
0.820146
0.000000
0.507410
0.000000
0.467471
0.000000
0.078258
0.000000
0.190984
0.000000
0.483648
0.000000
0.923381
0.000000
0.043395
0.000000
0.084411
0.000000
0.244858
0.000000
0.711355
0.000000
0.611241
0.000000
0.092858
0.000000
0.961565
0.000000
0.867469
0.000000
0.166094
0.000000
0.475947
0.000000
0.757282
0.000000
0.777505
0.000000
0.006980
0.000000
0.578613
0.000000
0.736462
0.000000
0.743727
0.000000
0.922572
0.000000
0.096404
0.000000
0.787642
0.000000
0.946435
0.000000
0.101480
0.000000
0.274897
0.000000
0.239321
0.000000
0.809743
0.000000
0.095043
0.000000
0.746730
0.000000
0.277214
0.000000
0.173301
0.000000
0.937714
0.000000
0.760862
0.000000
0.096681
0.000000
0.981109
0.000000
0.845273
0.000000
0.341540
0.000000
0.692463
0.000000
0.456514
0.000000
0.434398
0.000000
0.654029
0.000000
0.323983
0.000000
0.600492
0.000000
0.129976
0.000000
0.081265
0.000000
0.377997
0.000000
0.136956
0.000000
0.659878
0.000000
0.114459
0.000000
0.880683
0.000000
0.582450
0.000000
0.210863
0.000000
0.668326
0.000000
0.528885
0.000000
0.312343
0.000000
0.943222
0.000000
0.768206
0.000000
0.122086
0.000000
0.038265
0.000000
0.514936
0.000000
0.399300
0.000000
0.211565
0.000000
0.452650
0.000000
0.160162
0.000000
0.308247
0.000000
0.433758
0.000000
0.005435
0.000000
0.649787
0.000000
0.126222
0.000000
0.461949
0.000000
0.084185
0.000000
0.780251
0.000000
0.785932
0.000000
0.684677
0.000000
0.910227
0.000000
0.867197
0.000000
0.062674
0.000000
0.047183
0.000000
0.527075
0.000000
0.177133
0.000000
0.927866
0.000000
0.109525
0.000000
0.387996
0.000000
0.596191
0.000000
0.638409
0.000000
0.700340
0.000000
0.539413
0.000000
0.406615
0.000000
0.822426
0.000000
0.577678
0.000000
0.921551
0.000000
0.221726
0.000000
0.789244
0.000000
0.374201
0.000000
0.381888
0.000000
0.097491
0.000000
0.807959
0.000000
0.387323
0.000000
0.747277
0.000000
0.934181
0.000000
0.849272
0.000000
0.831462
0.000000
0.714432
0.000000
0.635204
0.000000
0.516139
0.000000
0.624658
0.000000
0.502401
0.000000
0.578813
0.000000
0.671841
0.000000
0.029476
0.000000
0.755945
0.000000
0.599707
0.000000
0.139001
0.000000
0.143942
0.000000
0.195898
0.000000
0.777410
0.000000
0.844281
0.000000
0.735311
0.000000
0.184025
0.000000
0.666707
0.000000
0.312990
0.000000
0.105576
0.000000
0.888433
0.000000
0.102233
0.000000
0.479777
0.000000
0.270321
0.000000
0.199724
0.000000
0.287736
0.000000
0.657643
0.000000
0.947001
0.000000
0.221918
0.000000
0.506915
0.000000
0.778463
0.000000
0.936349
0.000000
0.142119
0.000000
0.294601
0.000000
0.561007
0.000000
0.644520
0.000000
0.873414
0.000000
0.232848
0.000000
0.673996
0.000000
0.629359
0.000000
0.832555
0.000000
0.812997
0.000000
0.773301
0.000000
0.028453
0.000000
0.590407
0.000000
0.617582
0.000000
0.763764
0.000000
0.774432
0.000000
0.284289
0.000000
0.076753
0.000000
0.880009
0.000000
0.172722
0.000000
0.178987
0.000000
0.359786
0.000000
0.443043
0.000000
0.378710
0.000000
0.647522
0.000000
0.100686
0.000000
0.325711
0.000000
0.869440
0.000000
0.607600
0.000000
0.104174
0.000000
0.805789
0.000000
0.749719
0.000000
0.398775
0.000000
0.366796
0.000000
0.394239
0.000000
0.272189
0.000000
0.599644
0.000000
0.068235
0.000000
0.901549
0.000000
0.432199
0.000000
0.881232
0.000000
0.674850
0.000000
0.460652
0.000000
0.471639
0.000000
0.292432
0.000000
0.224415
0.000000
0.246071
0.000000
0.576721
0.000000
0.301169
0.000000
0.126080
0.000000
0.749443
0.000000
0.480156
0.000000
0.485866
0.000000
0.192486
0.000000
0.858866
0.000000
0.133388
0.000000
0.293171
0.000000
0.184577
0.000000
0.002828
0.000000
0.900772
0.000000
0.288752
0.000000
0.808617
0.000000
0.650491
0.000000
0.687527
0.000000
0.175413
0.000000
0.044729
0.000000
0.959716
0.000000
0.775058
0.000000
0.112964
0.000000
0.861265
0.000000
0.207257
0.000000
0.994196
0.000000
0.536115
0.000000
0.667908
0.000000
0.465835
0.000000
0.828546
0.000000
0.892324
0.000000
0.711906
0.000000
0.405267
0.000000
0.193493
0.000000
0.837986
0.000000
0.154711
0.000000
0.673648
0.000000
0.323852
0.000000
0.347196
0.000000
0.532514
0.000000
0.457240
0.000000
0.640368
0.000000
0.717092
0.000000
0.460067
0.000000
0.541140
0.000000
0.005843
0.000000
0.268684
0.000000
0.191630
0.000000
0.693370
0.000000
0.444097
0.000000
0.236360
0.000000
0.653087
0.000000
0.219155
0.000000
0.349324
0.000000
0.514352
0.000000
0.426412
0.000000
0.343520
0.000000
0.050466
0.000000
0.094320
0.000000
0.809355
0.000000
0.879013
0.000000
0.986644
0.000000
0.521261
0.000000
0.284280
0.000000
0.180136
0.000000
0.359247
0.000000
0.438990
0.000000
0.853785
0.000000
0.683098
0.000000
0.786187
0.000000
0.386299
0.000000
0.140338
0.000000
0.426555
0.000000
0.103390
0.000000
0.600405
0.000000
0.967694
0.000000
0.109233
0.000000
0.869090
0.000000
0.159324
0.000000
0.802604
0.000000
0.313187
0.000000
0.395684
0.000000
0.455690
0.000000
0.532342
0.000000
0.745008
0.000000
0.970042
0.000000
0.958753
0.000000
0.088528
0.000000
0.020508
0.000000
0.053073
0.000000
0.897883
0.000000
0.899521
0.000000
0.039717
0.000000
0.419144
0.000000
0.183801
0.000000
0.219853
0.000000
0.778391
0.000000
0.622791
0.000000
0.073638
0.000000
0.461489
0.000000
0.408978
0.000000
0.459937
0.000000
0.601827
0.000000
0.835533
0.000000
0.563327
0.000000
0.202232
0.000000
0.803227
0.000000
0.672560
0.000000
0.071322
0.000000
0.962551
0.000000
0.475164
0.000000
0.384509
0.000000
0.358235
0.000000
0.930854
0.000000
0.916851
0.000000
0.103244
0.000000
0.900896
0.000000
0.875604
0.000000
0.191772
0.000000
0.921405
0.000000
0.928678
0.000000
0.089655
0.000000
0.820926
0.000000
0.968395
0.000000
0.508799
0.000000
0.004727
0.000000
0.188248
0.000000
0.287189
0.000000
0.627518
0.000000
0.261886
0.000000
0.748678
0.000000
0.036496
0.000000
0.721822
0.000000
0.350505
0.000000
0.872028
0.000000
0.285149
0.000000
0.552738
0.000000
0.675255
0.000000
0.957709
0.000000
0.624060
0.000000
0.637806
0.000000
0.432873
0.000000
0.008569
0.000000
0.996042
0.000000
0.363727
0.000000
0.925420
0.000000
0.099285
0.000000
0.264624
0.000000
0.801024
0.000000
0.291057
0.000000
0.186029
0.000000
0.729702
0.000000
0.380712
0.000000
0.006954
0.000000
0.698096
0.000000
0.889511
0.000000
0.011681
0.000000
0.886344
0.000000
0.176700
0.000000
0.639199
0.000000
0.148230
0.000000
0.925379
0.000000
0.675694
0.000000
0.870053
0.000000
0.275884
0.000000
0.547723
0.000000
0.155202
0.000000
0.828622
0.000000
0.222978
0.000000
0.112911
0.000000
0.452681
0.000000
0.860784
0.000000
0.545784
0.000000
0.461250
0.000000
0.856826
0.000000
0.909512
0.000000
0.386669
0.000000
0.956111
0.000000
0.174136
0.000000
0.187693
0.000000
0.247168
0.000000
0.360164
0.000000
0.917395
0.000000
0.627880
0.000000
0.367118
0.000000
0.615491
0.000000
0.517391
0.000000
0.378799
0.000000
0.501835
0.000000
0.694091
0.000000
0.017998
0.000000
0.650066
0.000000
0.619470
0.000000
0.693692
0.000000
0.520118
0.000000
0.895354
0.000000
0.241415
0.000000
0.675320
0.000000
0.723975
0.000000
0.464393
0.000000
0.788231
0.000000
0.176656
0.000000
0.325177
0.000000
0.334016
0.000000
0.637906
0.000000
0.182003
0.000000
0.243528
0.000000
0.024575
0.000000
0.138114
0.000000
0.417663
0.000000
0.212269
0.000000
0.385282
0.000000
0.777828
0.000000
0.129663
0.000000
0.013161
0.000000
0.144946
0.000000
0.745154
0.000000
0.530552
0.000000
0.523745
0.000000
0.246990
0.000000
0.224643
0.000000
0.541743
0.000000
0.897055
0.000000
0.844113
0.000000
0.235435
0.000000
0.417174
0.000000
0.739467
0.000000
0.476850
0.000000
0.092494
0.000000
0.463442
0.000000
0.941243
0.000000
0.880725
0.000000
0.640098
0.000000
0.266420
0.000000
0.214741
0.000000
0.278005
0.000000
0.448423
0.000000
0.458269
0.000000
0.302580
0.000000
0.586537
0.000000
0.875932
0.000000
0.514849
0.000000
0.971818
0.000000
0.653760
0.000000
0.644512
0.000000
0.984980
0.000000
0.798706
0.000000
0.389667
0.000000
0.515532
0.000000
0.322451
0.000000
0.636656
0.000000
0.740175
0.000000
0.864194
0.000000
0.533712
0.000000
0.584288
0.000000
0.099629
0.000000
0.950885
0.000000
0.323755
0.000000
0.576479
0.000000
0.043379
0.000000
0.787197
0.000000
0.517722
0.000000
0.924104
0.000000
0.427295
0.000000
0.784142
0.000000
0.138845
0.000000
0.705300
0.000000
0.232565
0.000000
0.597114
0.000000
0.007880
0.000000
0.819102
0.000000
0.473045
0.000000
0.522729
0.000000
0.790920
0.000000
0.126805
0.000000
0.167241
0.000000
0.775899
0.000000
0.925511
0.000000
0.556908
0.000000
0.291431
0.000000
0.247962
0.000000
0.193564
0.000000
0.031606
0.000000
0.112157
0.000000
0.727276
0.000000
0.615894
0.000000
0.211786
0.000000
0.678161
0.000000
0.939649
0.000000
0.788265
0.000000
0.721540
0.000000
0.726846
0.000000
0.305987
0.000000
0.645644
0.000000
0.154141
0.000000
0.090130
0.000000
0.784489
0.000000
0.859441
0.000000
0.322695
0.000000
0.381603
0.000000
0.867321
0.000000
0.141796
0.000000
0.854648
0.000000
0.390050
0.000000
0.932716
0.000000
0.981453
0.000000
0.557291
0.000000
0.708616
0.000000
0.906964
0.000000
0.114199
0.000000
0.000047
0.000000
0.154927
0.000000
0.307763
0.000000
0.031653
0.000000
0.267083
0.000000
0.035039
0.000000
0.647548
0.000000
0.478869
0.000000
0.713200
0.000000
0.587197
0.000000
0.267134
0.000000
0.434740
0.000000
0.314043
0.000000
0.573122
0.000000
0.080384
0.000000
0.468185
0.000000
0.663252
0.000000
0.864873
0.000000
0.327626
0.000000
0.985946
0.000000
0.246476
0.000000
0.194948
0.000000
0.127743
0.000000
0.101124
0.000000
0.584998
0.000000
0.060459
0.000000
0.082577
0.000000
0.142289
0.000000
0.769074
0.000000
0.989541
0.000000
0.256489
0.000000
0.769121
0.000000
0.144468
0.000000
0.564252
0.000000
0.800775
0.000000
0.411551
0.000000
0.599291
0.000000
0.448322
0.000000
0.890420
0.000000
0.312491
0.000000
0.035519
0.000000
0.157555
0.000000
0.747231
0.000000
0.349562
0.000000
0.730677
0.000000
0.827615
0.000000
0.817747
0.000000
0.393928
0.000000
0.692488
0.000000
0.145373
0.000000
0.379874
0.000000
0.938963
0.000000
0.340321
0.000000
0.507617
0.000000
0.040087
0.000000
0.925318
0.000000
0.568076
0.000000
0.122664
0.000000
0.067608
0.000000
0.337150
0.000000
0.112205
0.000000
0.324096
0.000000
0.106272
0.000000
0.256673
0.000000
0.888348
0.000000
0.907046
0.000000
0.668224
0.000000
0.487639
0.000000
0.355369
0.000000
0.558645
0.000000
0.800129
0.000000
0.390888
0.000000
0.716199
0.000000
0.547360
0.000000
0.740450
0.000000
0.446876
0.000000
0.374975
0.000000
0.558198
0.000000
0.840804
0.000000
0.067462
0.000000
0.726144
0.000000
0.470674
0.000000
0.963092
0.000000
0.265818
0.000000
0.590649
0.000000
0.547613
0.000000
0.793753
0.000000
0.276120
0.000000
0.446645
0.000000
0.785346
0.000000
0.906508
0.000000
0.015699
0.000000
0.819374
0.000000
0.362115
0.000000
0.741130
0.000000
0.500019
0.000000
0.251974
0.000000
0.678878
0.000000
0.235245
0.000000
0.940837
0.000000
0.258257
0.000000
0.772706
0.000000
0.178952
0.000000
0.845005
0.000000
0.376631
0.000000
0.302225
0.000000
0.909529
0.000000
0.892318
0.000000
0.956611
0.000000
0.109337
0.000000
0.759771
0.000000
0.165015
0.000000
0.580048
0.000000
0.226811
0.000000
0.788590
0.000000
0.641188
0.000000
0.656098
0.000000
0.098858
0.000000
0.462720
0.000000
0.460646
0.000000
0.574214
0.000000
0.122489
0.000000
0.080795
0.000000
0.212645
0.000000
0.269239
0.000000
0.735147
0.000000
0.931338
0.000000
0.040756
0.000000
0.744056
0.000000
0.326680
0.000000
0.435216
0.000000
0.579494
0.000000
0.381762
0.000000
0.926364
0.000000
0.622214
0.000000
0.683833
0.000000
0.149882
0.000000
0.680170
0.000000
0.821129
0.000000
0.268084
0.000000
0.214797
0.000000
0.119379
0.000000
0.903394
0.000000
0.657522
0.000000
0.427702
0.000000
0.180096
0.000000
0.952070
0.000000
0.954232
0.000000
0.437942
0.000000
0.178314
0.000000
0.267607
0.000000
0.256583
0.000000
0.668469
0.000000
0.648167
0.000000
0.829569
0.000000
0.579965
0.000000
0.919481
0.000000
0.190501
0.000000
0.859479
0.000000
0.470325
0.000000
0.832225
0.000000
0.150099
0.000000
0.410011
0.000000
0.118126
0.000000
0.984927
0.000000
0.908109
0.000000
0.158587
0.000000
0.670024
0.000000
0.101446
0.000000
0.316653
0.000000
0.234441
0.000000
0.975380
0.000000
0.595963
0.000000
0.976798
0.000000
0.013905
0.000000
0.742623
0.000000
0.097544
0.000000
0.630424
0.000000
0.997052
0.000000
0.355508
0.000000
0.044991
0.000000
0.234514
0.000000
0.428309
0.000000
0.030634
0.000000
0.222729
0.000000
0.460768
0.000000
0.243905
0.000000
0.611093
0.000000
0.602030
0.000000
0.295309
0.000000
0.035014
0.000000
0.462065
0.000000
0.930653
0.000000
0.640113
0.000000
0.841040
0.000000
0.909686
0.000000
0.259237
0.000000
0.089609
0.000000
0.048739
0.000000
0.217300
0.000000
0.467529
0.000000
0.728638
0.000000
0.114216
0.000000
0.551302
0.000000
0.927623
0.000000
0.332182
0.000000
0.884543
0.000000
0.095194
0.000000
0.886736
0.000000
0.742903
0.000000
0.730928
0.000000
0.613807
0.000000
0.796788
0.000000
0.677710
0.000000
0.823659
0.000000
0.116995
0.000000
0.573077
0.000000
0.002623
0.000000
0.185365
0.000000
0.403541
0.000000
0.400536
0.000000
0.075625
0.000000
0.529970
0.000000
0.100276
0.000000
0.906126
0.000000
0.144482
0.000000
0.495767
0.000000
0.627219
0.000000
0.461706
0.000000
0.138082
0.000000
0.746635
0.000000
0.211604
0.000000
0.264553
0.000000
0.725771
0.000000
0.313560
0.000000
0.946811
0.000000
0.690502
0.000000
0.792995
0.000000
0.327805
0.000000
0.676628
0.000000
0.279178
0.000000
0.609179
0.000000
0.638687
0.000000
0.380434
0.000000
0.505339
0.000000
0.467274
0.000000
0.970693
0.000000
0.215066
0.000000
0.944697
0.000000
0.825895
0.000000
0.488450
0.000000
0.052010
0.000000
0.048826
0.000000
0.625596
0.000000
0.630351
0.000000
0.283138
0.000000
0.317924
0.000000
0.728903
0.000000
0.254432
0.000000
0.697741
0.000000
0.609356
0.000000
0.011745
0.000000
0.843894
0.000000
0.815294
0.000000
0.167648
0.000000
0.046847
0.000000
0.413894
0.000000
0.835050
0.000000
0.943863
0.000000
0.839351
0.000000
0.762871
0.000000
0.483742
0.000000
0.014807
0.000000
0.037406
0.000000
0.321982
0.000000
0.029011
0.000000
0.900163
0.000000
0.511386
0.000000
0.267567
0.000000
0.532647
0.000000
0.967868
0.000000
0.091314
0.000000
0.678351
0.000000
0.844482
0.000000
0.387011
0.000000
0.196428
0.000000
0.806322
0.000000
0.230677
0.000000
0.892815
0.000000
0.090368
0.000000
0.003231
0.000000
0.146135
0.000000
0.160135
0.000000
0.647450
0.000000
0.984202
0.000000
0.862918
0.000000
0.759590
0.000000
0.333832
0.000000
0.880596
0.000000
0.060156
0.000000
0.862147
0.000000
0.417489
0.000000
0.936754
0.000000
0.489597
0.000000
0.916250
0.000000
0.044366
0.000000
0.699344
0.000000
0.822875
0.000000
0.848023
0.000000
0.287181
0.000000
0.650421
0.000000
0.784295
0.000000
0.104331
0.000000
0.847953
0.000000
0.296440
0.000000
0.252535
0.000000
0.164692
0.000000
0.827056
0.000000
0.318191
0.000000
0.931014
0.000000
0.896618
0.000000
0.153923
0.000000
0.165882
0.000000
0.455442
0.000000
0.447123
0.000000
0.846130
0.000000
0.892721
0.000000
0.507555
0.000000
0.748551
0.000000
0.981980
0.000000
0.263617
0.000000
0.203578
0.000000
0.904539
0.000000
0.529754
0.000000
0.347287
0.000000
0.457171
0.000000
0.436149
0.000000
0.839868
0.000000
0.587891
0.000000
0.615935
0.000000
0.037932
0.000000
0.132558
0.000000
0.092489
0.000000
0.927706
0.000000
0.995620
0.000000
0.886031
0.000000
0.144200
0.000000
0.687546
0.000000
0.120243
0.000000
0.271468
0.000000
0.678068
0.000000
0.711434
0.000000
0.339732
0.000000
0.716247
0.000000
0.846611
0.000000
0.962637
0.000000
0.794247
0.000000
0.815197
0.000000
0.735307
0.000000
0.727776
0.000000
0.652588
0.000000
0.990165
0.000000
0.703416
0.000000
0.845527
0.000000
0.895010
0.000000
0.291188
0.000000
0.845633
0.000000
0.687294
0.000000
0.553925
0.000000
0.112988
0.000000
0.735723
0.000000
0.285080
0.000000
0.170819
0.000000
0.416706
0.000000
0.843179
0.000000
0.637054
0.000000
0.758290
0.000000
0.292555
0.000000
0.304929
0.000000
0.285365
0.703571
0.220679
0.006426
0.043891
0.728296
0.046513
0.969210
0.296372
0.169177
0.036818
0.633522
0.281382
0.360914
0.739794
0.538055
0.249262
0.646840
0.206280
0.736901
0.002209
0.764925
0.537030
0.393097
0.481124
0.084390
0.133548
0.928000
0.459365
0.691745
0.768804
0.526827
0.395316
0.989483
0.533253
0.439207
0.717778
0.579765
0.408417
0.014150
0.748942
0.445235
0.647672
0.030324
0.806149
0.387466
0.568379
0.055411
0.034307
0.774659
0.792311
0.036516
0.539584
0.329342
0.429613
0.020708
0.413732
0.563161
0.948708
0.873097
0.254906
0.717512
0.399924
0.650222
0.706995
0.933176
0.089430
0.424774
0.512941
0.497847
0.438924
0.261883
0.943081
0.086596
0.292207
0.749230
0.474063
0.860587
0.804641
0.508369
0.635246
0.596952
0.544885
0.174830
0.926294
0.974499
0.195538
0.340026
0.537660
0.144246
0.213122
0.792566
0.861759
0.613046
0.442789
0.568754
0.546222
0.532218
0.993528
0.059163
0.030065
0.432452
0.321047
0.973147
0.519048
0.613254
0.722377
0.993110
0.473841
0.527017
0.501480
0.109087
0.123969
0.046365
0.283917
0.050263
0.020864
0.479455
0.390289
0.558524
0.623701
0.603411
0.351090
0.485460
0.216457
0.793879
0.054214
0.762679
0.326097
0.047742
0.821842
0.356162
0.480193
0.142889
0.329309
0.999241
0.756143
0.051685
0.992352
0.229984
0.578702
0.493831
0.339071
0.702672
0.540197
0.622988
0.752935
0.561060
0.102443
0.143224
0.119584
0.199938
0.255076
